mtllib solidos.mtl
s 1
v 0.190983 0.0 -1.309017
v -0.190983 0.0 1.309017
v -0.190983 0.0 -1.309017
v 1.309017 0.190983 0.0
v 1.309017 -0.190983 0.0
v -1.309017 0.190983 0.0
v -1.309017 -0.190983 0.0
v 0.0 1.309017 0.190983
v 0.0 1.309017 -0.190983
v 0.0 -1.309017 0.190983
v 0.0 -1.309017 -0.190983
v 0.5 0.5 1.118034
v 0.5 0.5 -1.118034
v 0.5 -0.5 1.118034
v 0.5 -0.5 -1.118034
v -0.5 0.5 1.118034
v -0.5 0.5 -1.118034
v -0.5 -0.5 1.118034
v -0.5 -0.5 -1.118034
v 1.118034 0.5 0.5
v 1.118034 0.5 -0.5
v 1.118034 -0.5 0.5
v 1.118034 -0.5 -0.5
v -1.118034 0.5 0.5
v -1.118034 0.5 -0.5
v -1.118034 -0.5 0.5
v -1.118034 -0.5 -0.5
v 0.5 1.118034 0.5
v 0.5 1.118034 -0.5
v 0.5 -1.118034 0.5
v 0.5 -1.118034 -0.5
v -0.5 1.118034 0.5
v -0.5 1.118034 -0.5
v -0.5 -1.118034 0.5
v -0.5 -1.118034 -0.5
v 0.309017 0.809017 1.0
v 0.309017 0.809017 -1.0
v 0.309017 -0.809017 1.0
v 0.309017 -0.809017 -1.0
v -0.309017 0.809017 1.0
v -0.309017 0.809017 -1.0
v -0.309017 -0.809017 1.0
v -0.309017 -0.809017 -1.0
v 1.0 0.309017 0.809017
v 1.0 0.309017 -0.809017
v 1.0 -0.309017 0.809017
v 1.0 -0.309017 -0.809017
v -1.0 0.309017 0.809017
v -1.0 0.309017 -0.809017
v -1.0 -0.309017 0.809017
v -1.0 -0.309017 -0.809017
v 0.809017 1.0 0.309017
v 0.809017 1.0 -0.309017
v 0.809017 -1.0 0.309017
v 0.809017 -1.0 -0.309017
v -0.809017 1.0 0.309017
v -0.809017 1.0 -0.309017
v -0.809017 -1.0 0.309017
v -0.809017 -1.0 -0.309017
v 0.190983 0.0 1.309017
v 0.5954915 -0.1545085 1.059017
v 0.5954915 0.1545085 -1.059017
v -0.5954915 0.1545085 1.059017
v -0.5954915 -0.1545085 -1.059017
v 1.059017 0.5954915 -0.1545085 
v 1.059017 -0.5954915 0.1545085 
v -1.059017 0.5954915 0.1545085
v -1.059017 -0.5954915 -0.1545085
v -0.1545085 1.059017 0.5954915  
v 0.1545085 1.059017 -0.5954915 
v 0.1545085 -1.059017 0.5954915
v -0.1545085 -1.059017 -0.5954915  
usemtl Cor4
f 60 40 24 26 42 
f 1 43 27 25 41 
f 2 38 22 20 36 
f 3 37 21 23 39 
f 4 46 30 31 47 
f 5 45 29 28 44 
f 6 51 35 34 50 
f 7 48 32 33 49 
f 8 53 13 17 57 
f 9 56 16 12 52 
f 10 59 19 15 55 
f 11 54 14 18 58 
usemtl Cor5
f 61 46 12 14 44 60 
f 62 45 15 13 47 1 
f 63 48 18 16 50 2 
f 64 51 17 19 49 3 
f 65 53 20 21 52 4 
f 66 54 23 22 55 5 
f 67 56 25 24 57 6
f 68 59 26 27 58 7 
f 69 40 28 32 36 8 
f 70 37 33 29 41 9 
f 71 38 34 30 42 10 
f 72 43 31 35 39 11 
usemtl Cor6
f 60 42 30 46 
f 60 44 28 40 
f 1 41 29 45 
f 1 47 31 43 
f 3 39 35 51 
f 3 49 33 37 
f 5 44 14 54 
f 5 55 15 45 
f 6 50 16 56 
f 6 57 17 51 
f 7 49 19 59 
f 7 58 18 48 
f 8 36 20 53 
f 8 57 24 40 
f 9 41 25 56 
f 9 52 21 37 
f 11 39 23 54 
f 11 58 27 43 
f 12 16 18 14 
f 12 46 4 52 
f 13 15 19 17 
f 13 53 4 47 
f 22 23 21 20 
f 22 38 10 55 
f 26 24 25 27 
f 26 59 10 42 
f 32 28 29 33 
f 32 48 2 36 
f 34 35 31 30 
f 34 38 2 50 
usemtl CorL
l 60 40 24 26 42 
l 1 43 27 25 41 
l 2 38 22 20 36 
l 3 37 21 23 39 
l 4 46 30 31 47 
l 5 45 29 28 44 
l 6 51 35 34 50 
l 7 48 32 33 49 
l 8 53 13 17 57 
l 9 56 16 12 52 
l 10 59 19 15 55 
l 11 54 14 18 58 
usemtl CorL
l 60 46 12 14 44 
l 1 45 15 13 47 
l 2 48 18 16 50 
l 3 51 17 19 49 
l 4 53 20 21 52 
l 5 54 23 22 55 
l 6 56 25 24 57 
l 7 59 26 27 58 
l 8 40 28 32 36 
l 9 37 33 29 41 
l 10 38 34 30 42 
l 11 43 31 35 39 
usemtl CorL
l 60 42 30 46 
l 60 44 28 40 
l 1 41 29 45 
l 1 47 31 43 
l 3 39 35 51 
l 3 49 33 37 
l 5 44 14 54 
l 5 55 15 45 
l 6 50 16 56 
l 6 57 17 51 
l 7 49 19 59 
l 7 58 18 48 
l 8 36 20 53 
l 8 57 24 40 
l 9 41 25 56 
l 9 52 21 37 
l 11 39 23 54 
l 11 58 27 43 
l 12 16 18 14 
l 12 46 4 52 
l 13 15 19 17 
l 13 53 4 47 
l 22 23 21 20 
l 22 38 10 55 
l 26 24 25 27 
l 26 59 10 42 
l 32 28 29 33 
l 32 48 2 36 
l 34 35 31 30 
l 34 38 2 50
